6 1 322 309 777 269
6 2 1 398 308 173
6 3 159 614 659 466
6 4 873 523 470 557
6 5 1396 533 377 317
6 6 1536 258 384 155
6 7 1370 856 550 224
7 1 481 194 618 173
7 2 1 334 365 317
7 3 133 583 706 497
7 4 1260 415 660 665
7 5 1540 215 380 282
7 6 1149 183 350 164
8 1 551 257 527 125
8 2 1 294 367 271
8 3 1 665 774 415
8 4 1102 578 818 502
8 5 1416 360 504 301
8 6 1151 252 402 131
9 1 255 364 803 249
9 2 1 480 245 143
9 3 103 653 666 427
9 4 1217 586 529 215
9 5 1319 265 476 138
9 6 1220 828 700 252
10 1 545 217 288 189
10 2 233 623 680 457
10 3 968 624 597 456
10 4 908 193 311 208
10 5 1247 164 298 181
16 1 990 450 930 630
16 2 1150 227 211 200
16 3 962 220 156 200
16 4 605 141 344 133
16 5 1 620 923 460
16 6 1183 27 189 124
17 1 1318 372 602 392
17 2 1605 116 294 235
17 3 1246 124 252 120
17 4 768 110 374 137
17 5 544 326 497 178
17 6 683 549 795 531
18 1 195 1236 1549 684
18 2 1755 1299 366 282
18 3 1518 1104 388 244
18 4 1 856 1159 629
19 1 1 568 1010 1352
19 2 1773 842 787 1078
19 3 1271 276 588 404
20 1 1579 580 981 682
20 2 823 687 353 231
20 3 490 841 434 214
20 4 905 1014 1655 906
20 5 33 832 266 384
21 1 1352 407 568 390
21 2 952 138 349 220
21 3 584 183 350 229
21 4 766 514 742 566
21 5 25 365 719 701
22 1 680 521 652 559
22 2 964 85 159 227
22 3 761 79 168 242
22 4 1 513 725 567
22 5 1206 207 390 210
22 6 1118 82 277 109
22 7 313 46 473 154
23 1 81 1064 1158 856
23 2 1480 976 363 260
23 3 1279 781 346 283
23 4 1 698 1012 722
23 5 1989 974 176 128
23 6 1671 714 240 140
24 1 1535 598 1025 1322
24 2 1 616 990 734
24 3 101 264 884 332
24 4 1 1318 912 602
25 1 531 1084 341 280
25 2 887 1168 1046 752
25 3 1657 790 903 708
25 4 744 881 381 260
26 1 1046 735 517 345
26 2 1119 170 237 286
26 3 844 166 292 293
26 4 440 735 542 345
26 5 1523 548 397 287
26 6 367 553 291 180
26 7 1394 164 329 173
27 1 1450 330 470 247
27 2 584 9 351 173
27 3 337 136 438 194
27 4 1125 327 415 281
27 5 14 153 229 114
27 6 923 81 274 123
27 7 1490 166 407 184
28 1 1323 281 560 710
28 2 15 67 565 296
28 3 1076 100 667 148
28 4 28 484 634 569
29 1 690 657 645 423
29 2 1251 404 268 219
29 3 667 434 342 210
29 4 1 434 599 489
29 5 1565 393 309 194
29 6 1098 179 310 131
33 1 1046 566 831 368
33 2 1003 320 256 89
33 3 1381 86 358 162
33 4 522 43 440 211
33 5 423 285 546 190
33 6 58 753 902 327
33 7 70 518 322 235
33 8 1279 319 241 91
34 1 1376 265 419 204
34 2 600 141 295 137
34 3 348 192 290 122
34 4 1304 405 195 139
34 5 818 147 257 101
34 6 1141 452 200 150
35 1 895 437 879 609
35 2 923 1 613 314
35 3 172 81 473 820
36 1 1142 367 766 237
36 2 1 615 1024 465
